0 0.032031 0.872222 0.060937 0.238889
0 0.113542 0.876852 0.067708 0.229630
0 0.195312 0.882870 0.063542 0.234259
0 0.282292 0.880093 0.057292 0.239815
0 0.365625 0.880093 0.065625 0.239815
0 0.451823 0.880093 0.067187 0.239815
0 0.538281 0.881019 0.055729 0.237963
0 0.621354 0.878241 0.065625 0.243519
0 0.710417 0.879630 0.058333 0.227778
0 0.796615 0.873611 0.064062 0.247222
0 0.881510 0.881019 0.071354 0.237963
0 0.965625 0.878241 0.059375 0.243519
0 0.524740 0.525000 0.069271 0.224074
0 0.608854 0.514815 0.066667 0.224074
0 0.695573 0.512963 0.068229 0.235185
0 0.782031 0.512037 0.065104 0.237037
0 0.867969 0.510185 0.066146 0.264815
0 0.953906 0.502315 0.070312 0.249074
0 0.440625 0.529630 0.061458 0.233333
0 0.354948 0.526852 0.061979 0.238889
0 0.385417 0.644444 0.001042 0.003704
0 0.274479 0.518056 0.053125 0.237963
0 0.187240 0.503704 0.069271 0.277778
0 0.103906 0.506481 0.069271 0.268519
0 0.026042 0.499074 0.051042 0.259259
0 0.105469 0.243981 0.061979 0.195370
0 0.032552 0.242593 0.064062 0.190741
0 0.189583 0.232407 0.058333 0.183333
0 0.274740 0.235185 0.059896 0.185185
0 0.359896 0.260185 0.069792 0.231481
0 0.445052 0.243056 0.057813 0.193519
0 0.527865 0.243056 0.065104 0.193519
0 0.611458 0.235185 0.056250 0.188889
0 0.699219 0.253704 0.065104 0.211111
0 0.785156 0.225926 0.056771 0.177778
0 0.872656 0.225463 0.059896 0.165741
0 0.954948 0.221759 0.057813 0.154630
