0 0.032031 0.255556 0.063021 0.218519
0 0.107031 0.257407 0.073438 0.233333
0 0.188802 0.247685 0.064062 0.199074
0 0.274219 0.246759 0.065104 0.197222
0 0.358594 0.268056 0.063021 0.243519
0 0.445573 0.252778 0.067187 0.224074
0 0.527344 0.250926 0.070312 0.220370
0 0.614844 0.244907 0.060937 0.200926
0 0.699479 0.258333 0.071875 0.227778
0 0.785156 0.244444 0.069271 0.183333
0 0.866667 0.242130 0.058333 0.187963
0 0.956510 0.234259 0.058854 0.179630
0 0.026562 0.532407 0.052083 0.255556
0 0.102604 0.536111 0.069792 0.242593
0 0.191406 0.541204 0.065104 0.237963
0 0.276823 0.542130 0.057813 0.226852
0 0.354948 0.551852 0.066146 0.224074
0 0.441146 0.553704 0.060417 0.212963
0 0.525781 0.556944 0.058854 0.210185
0 0.612760 0.538426 0.067187 0.208333
0 0.695573 0.542130 0.066146 0.239815
0 0.786719 0.539352 0.059896 0.217593
0 0.869792 0.543981 0.060417 0.236111
0 0.956510 0.535185 0.060937 0.240741
0 0.029948 0.890741 0.058854 0.216667
0 0.113021 0.894444 0.066667 0.211111
0 0.195833 0.892593 0.054167 0.214815
0 0.283333 0.889815 0.061458 0.220370
0 0.366146 0.892593 0.060417 0.214815
0 0.456771 0.892593 0.061458 0.214815
0 0.538021 0.885648 0.067708 0.228704
0 0.622396 0.891667 0.060417 0.216667
0 0.715104 0.889815 0.055208 0.220370
0 0.796354 0.889815 0.065625 0.220370
0 0.883594 0.891667 0.064062 0.216667
0 0.966667 0.888889 0.059375 0.222222
