0 0.022917 0.356481 0.044792 0.290741
0 0.096094 0.362037 0.060937 0.272222
0 0.184115 0.356944 0.063021 0.269444
0 0.268750 0.376389 0.054167 0.243519
0 0.353646 0.377315 0.053125 0.221296
0 0.438021 0.393519 0.058333 0.220370
0 0.524219 0.389352 0.059896 0.212037
0 0.607812 0.368519 0.059375 0.224074
0 0.694531 0.374074 0.059896 0.242593
0 0.779167 0.368519 0.057292 0.238889
0 0.863802 0.373611 0.061979 0.252778
0 0.947917 0.363426 0.060417 0.245370
0 0.025521 0.742593 0.050000 0.235185
0 0.108073 0.735185 0.063021 0.242593
0 0.194271 0.742593 0.059375 0.242593
0 0.277865 0.739815 0.059896 0.240741
0 0.360417 0.740741 0.057292 0.259259
0 0.448437 0.756944 0.055208 0.245370
0 0.535156 0.748611 0.061979 0.250926
0 0.620313 0.737037 0.054167 0.246296
0 0.705469 0.732407 0.055729 0.237037
0 0.792708 0.738889 0.069792 0.250000
0 0.877865 0.737963 0.064062 0.244444
0 0.962760 0.745833 0.061979 0.260185
