0 0.025521 0.412963 0.050000 0.257407
0 0.097135 0.413889 0.063021 0.244444
0 0.183333 0.406944 0.077083 0.243519
0 0.268750 0.412963 0.045833 0.242593
0 0.352344 0.430556 0.060937 0.231481
0 0.436458 0.442593 0.051042 0.225926
0 0.529167 0.432870 0.056250 0.213889
0 0.607812 0.430093 0.057292 0.243519
0 0.688021 0.420370 0.059375 0.231481
0 0.789583 0.421296 0.052083 0.233333
0 0.867708 0.413889 0.052083 0.240741
0 0.947917 0.410648 0.058333 0.250926
0 0.028906 0.793519 0.056771 0.196296
0 0.110677 0.777778 0.068229 0.227778
0 0.195573 0.780093 0.068229 0.245370
0 0.277865 0.787963 0.061979 0.244444
0 0.364583 0.792130 0.057292 0.249074
0 0.447135 0.798611 0.059896 0.243519
0 0.535156 0.795833 0.059896 0.249074
0 0.620313 0.775463 0.052083 0.223148
0 0.706510 0.775463 0.053646 0.223148
0 0.790104 0.785185 0.061458 0.238889
0 0.880729 0.786111 0.058333 0.229630
0 0.966406 0.793981 0.065104 0.241667
