0 0.032031 0.338426 0.060937 0.249074
0 0.104427 0.341667 0.066146 0.238889
0 0.191667 0.318519 0.058333 0.231481
0 0.275781 0.323148 0.064062 0.240741
0 0.360938 0.349074 0.069792 0.288889
0 0.447135 0.332870 0.074479 0.260185
0 0.531771 0.332870 0.061458 0.252778
0 0.612760 0.324074 0.058854 0.235185
0 0.700000 0.337963 0.070833 0.274074
0 0.785677 0.324074 0.068229 0.266667
0 0.873698 0.318056 0.068229 0.258333
0 0.957031 0.313889 0.064062 0.233333
0 0.529167 0.637500 0.069792 0.225000
0 0.610417 0.624074 0.069792 0.244444
0 0.698438 0.634722 0.076042 0.243519
0 0.789323 0.625000 0.063021 0.250000
0 0.872135 0.623148 0.060937 0.262963
0 0.955990 0.625000 0.066146 0.266667
0 0.444531 0.652778 0.065104 0.240741
0 0.361979 0.643519 0.067708 0.244444
0 0.275781 0.633796 0.059896 0.249074
0 0.190365 0.617593 0.063021 0.270370
0 0.105469 0.617130 0.072396 0.258333
0 0.028385 0.610648 0.055729 0.267593
0 0.032031 0.935185 0.063021 0.124074
0 0.111979 0.934259 0.066667 0.131481
0 0.203646 0.933796 0.076042 0.119444
0 0.283073 0.932870 0.056771 0.134259
0 0.366927 0.936111 0.064062 0.127778
0 0.455729 0.935185 0.077083 0.129630
0 0.543490 0.930093 0.070312 0.139815
0 0.630208 0.935185 0.063542 0.129630
0 0.716667 0.937037 0.064583 0.125926
0 0.803646 0.938889 0.062500 0.122222
0 0.893750 0.939815 0.069792 0.120370
0 0.970052 0.940278 0.059896 0.117593
