0 0.025521 0.646759 0.050000 0.226852
0 0.104167 0.635648 0.057292 0.228704
0 0.190625 0.652778 0.069792 0.237037
0 0.276302 0.642593 0.065104 0.242593
0 0.359375 0.654167 0.055208 0.250926
0 0.442708 0.657870 0.057292 0.243519
0 0.529427 0.655093 0.066146 0.260185
0 0.618229 0.641667 0.056250 0.222222
0 0.704948 0.636574 0.056771 0.226852
0 0.787240 0.643519 0.065104 0.237037
0 0.874740 0.648148 0.064062 0.238889
0 0.963802 0.657870 0.066146 0.262037
0 0.949219 0.279630 0.065104 0.242593
0 0.862760 0.278704 0.068229 0.261111
0 0.784635 0.286574 0.066146 0.245370
0 0.690365 0.288426 0.068229 0.234259
0 0.609635 0.278704 0.065104 0.225926
0 0.523698 0.294907 0.063021 0.208333
0 0.437240 0.307407 0.061979 0.225926
0 0.352344 0.297222 0.067187 0.235185
0 0.264844 0.279630 0.057813 0.227778
0 0.184115 0.269444 0.065104 0.229630
0 0.184115 0.284722 0.069271 0.263889
0 0.098958 0.279167 0.070833 0.256481
0 0.025521 0.285185 0.050000 0.231481
