0 0.023438 0.252315 0.045833 0.228704
0 0.096615 0.252778 0.072396 0.220370
0 0.183073 0.253704 0.063021 0.218519
0 0.267448 0.252778 0.060937 0.200000
0 0.348438 0.246759 0.061458 0.212037
0 0.434635 0.247685 0.063021 0.210185
0 0.521615 0.252778 0.063021 0.200000
0 0.606510 0.249074 0.066146 0.192593
0 0.687500 0.253704 0.073958 0.198148
0 0.776563 0.250926 0.069792 0.200000
0 0.864323 0.256019 0.058854 0.210185
0 0.946094 0.251389 0.064062 0.206481
0 0.026562 0.594444 0.052083 0.231481
0 0.104427 0.596296 0.066146 0.224074
0 0.191667 0.600926 0.058333 0.244444
0 0.276302 0.603241 0.067187 0.252778
0 0.361458 0.608796 0.061458 0.249074
0 0.444531 0.610648 0.060937 0.256481
0 0.530729 0.602778 0.063542 0.261111
0 0.613802 0.594444 0.065104 0.238889
0 0.705469 0.589352 0.061979 0.237963
0 0.787760 0.600926 0.066146 0.264815
0 0.874219 0.604630 0.067187 0.244444
0 0.959375 0.605093 0.059375 0.252778
0 0.028906 0.879167 0.056771 0.232407
0 0.105208 0.892593 0.069792 0.214815
0 0.188021 0.888889 0.058333 0.222222
0 0.272396 0.897222 0.059375 0.205556
0 0.356510 0.890741 0.063021 0.218519
0 0.441146 0.879167 0.066667 0.241667
0 0.525260 0.880093 0.066146 0.239815
0 0.608854 0.881944 0.066667 0.236111
0 0.695833 0.903241 0.060417 0.193519
0 0.783333 0.888889 0.063542 0.222222
0 0.866927 0.885648 0.064062 0.228704
0 0.951302 0.878241 0.060937 0.243519
