0 0.025000 0.518056 0.048958 0.241667
0 0.101562 0.521296 0.069792 0.231481
0 0.189323 0.525000 0.060937 0.270370
0 0.272656 0.526389 0.064062 0.247222
0 0.358854 0.532407 0.058333 0.266667
0 0.443490 0.542130 0.069271 0.258333
0 0.530729 0.539352 0.066667 0.263889
0 0.614583 0.533796 0.052083 0.252778
0 0.699479 0.525926 0.060417 0.240741
0 0.786198 0.531481 0.067187 0.244444
0 0.876823 0.531481 0.070312 0.257407
0 0.960417 0.537500 0.061458 0.260185
0 0.023958 0.828704 0.046875 0.283333
0 0.107552 0.842130 0.059896 0.245370
0 0.190625 0.836574 0.058333 0.249074
0 0.272396 0.845833 0.055208 0.225000
0 0.357812 0.838426 0.056250 0.245370
0 0.442969 0.832407 0.061979 0.248148
0 0.525260 0.831481 0.064062 0.266667
0 0.611198 0.829630 0.064062 0.246296
0 0.694010 0.849074 0.058854 0.235185
0 0.785156 0.837500 0.067187 0.254630
0 0.867448 0.821759 0.065104 0.254630
0 0.952344 0.820833 0.065104 0.252778
