0 0.023438 0.554630 0.045833 0.248148
0 0.103906 0.543056 0.069271 0.249074
0 0.186198 0.529630 0.056771 0.233333
0 0.272917 0.550000 0.071875 0.220370
0 0.350521 0.544907 0.057292 0.237963
0 0.438021 0.534259 0.073958 0.242593
0 0.518750 0.536574 0.059375 0.250926
0 0.602865 0.541204 0.058854 0.252778
0 0.685937 0.548148 0.053125 0.224074
0 0.774219 0.526389 0.069271 0.250926
0 0.858854 0.532407 0.058333 0.246296
0 0.944531 0.528704 0.067187 0.246296
0 0.023438 0.892593 0.045833 0.205556
0 0.090625 0.896296 0.064583 0.207407
0 0.179948 0.889815 0.068229 0.220370
0 0.263281 0.894444 0.056771 0.211111
0 0.347396 0.892593 0.061458 0.214815
0 0.428906 0.890741 0.061979 0.218519
0 0.515365 0.888889 0.070312 0.222222
0 0.600260 0.880556 0.059896 0.214815
0 0.680469 0.885648 0.057813 0.228704
0 0.764583 0.888889 0.056250 0.222222
0 0.851302 0.891204 0.071354 0.208333
0 0.928385 0.892593 0.065104 0.214815
