0 0.025521 0.438426 0.050000 0.245370
0 0.103906 0.441204 0.069271 0.256481
0 0.183594 0.434722 0.066146 0.260185
0 0.271875 0.455556 0.052083 0.224074
0 0.355990 0.460185 0.064062 0.233333
0 0.442448 0.456019 0.067187 0.217593
0 0.525781 0.460185 0.058854 0.218519
0 0.608854 0.454167 0.066667 0.210185
0 0.694010 0.450463 0.075521 0.234259
0 0.782031 0.449537 0.060937 0.226852
0 0.866927 0.452315 0.061979 0.249074
0 0.897396 0.575926 0.001042 0.001852
0 0.952344 0.437500 0.056771 0.254630
0 0.026562 0.806019 0.052083 0.228704
0 0.110677 0.803241 0.066146 0.217593
0 0.195833 0.812037 0.047917 0.242593
0 0.277865 0.803241 0.055729 0.210185
0 0.363021 0.816204 0.060417 0.262037
0 0.444792 0.821759 0.051042 0.239815
0 0.532031 0.828241 0.066146 0.249074
0 0.618229 0.812037 0.056250 0.231481
0 0.709896 0.811111 0.055208 0.222222
0 0.794792 0.820833 0.056250 0.241667
0 0.880469 0.814815 0.065104 0.229630
0 0.964323 0.814352 0.063021 0.250926
