0 0.026042 0.478241 0.051042 0.275000
0 0.099219 0.489815 0.067187 0.288889
0 0.190625 0.488889 0.060417 0.272222
0 0.270833 0.508333 0.058333 0.218519
0 0.354427 0.510185 0.060937 0.233333
0 0.437500 0.506944 0.053125 0.208333
0 0.528646 0.508333 0.055208 0.214815
0 0.609375 0.489815 0.056250 0.220370
0 0.693490 0.491667 0.066146 0.227778
0 0.784635 0.489815 0.059896 0.224074
0 0.869271 0.492130 0.063542 0.254630
0 0.949740 0.480093 0.064062 0.250926
0 0.027604 0.856481 0.052083 0.224074
0 0.110156 0.850000 0.065104 0.225926
0 0.195052 0.855556 0.069271 0.257407
0 0.278906 0.853704 0.061979 0.225926
0 0.363281 0.859722 0.065104 0.256481
0 0.448698 0.872685 0.058854 0.249074
0 0.533073 0.865278 0.064062 0.245370
0 0.616406 0.853704 0.057813 0.229630
0 0.710938 0.846296 0.057292 0.229630
0 0.797135 0.851852 0.058854 0.244444
0 0.884375 0.852315 0.070833 0.250926
0 0.966927 0.869444 0.066146 0.257407
0 0.104427 0.224537 0.061979 0.171296
0 0.184635 0.217130 0.059896 0.145370
0 0.274479 0.215278 0.055208 0.160185
0 0.357552 0.237500 0.065104 0.204630
0 0.442448 0.227315 0.063021 0.158333
0 0.527344 0.228241 0.059896 0.160185
0 0.608333 0.218056 0.052083 0.147222
0 0.695573 0.237037 0.061979 0.192593
0 0.782031 0.215278 0.067187 0.149074
0 0.866667 0.216204 0.056250 0.130556
0 0.954427 0.217130 0.060937 0.132407
0 0.027604 0.227778 0.054167 0.157407
