0 0.022396 0.370833 0.043750 0.223148
0 0.098177 0.365741 0.063021 0.222222
0 0.187240 0.373148 0.060937 0.225926
0 0.273177 0.368519 0.063021 0.235185
0 0.354427 0.380093 0.060937 0.258333
0 0.435156 0.384259 0.061979 0.235185
0 0.524740 0.385648 0.065104 0.254630
0 0.608854 0.364815 0.055208 0.238889
0 0.693490 0.366667 0.059896 0.227778
0 0.780729 0.376389 0.058333 0.243519
0 0.864323 0.376389 0.063021 0.243519
0 0.953385 0.379167 0.063021 0.252778
0 0.026562 0.673611 0.052083 0.258333
0 0.102604 0.677315 0.058333 0.243519
0 0.187760 0.671296 0.061979 0.235185
0 0.273177 0.690741 0.060937 0.227778
0 0.354948 0.673148 0.059896 0.242593
0 0.436198 0.664352 0.066146 0.263889
0 0.521615 0.670370 0.060937 0.251852
0 0.604948 0.662500 0.069271 0.263889
0 0.694010 0.677315 0.065104 0.219444
0 0.773698 0.671296 0.066146 0.259259
0 0.865365 0.662963 0.065104 0.237037
0 0.948438 0.662500 0.068750 0.260185
