0 0.025000 0.552315 0.048958 0.234259
0 0.102604 0.547222 0.058333 0.225926
0 0.191146 0.559722 0.059375 0.254630
0 0.278385 0.554630 0.060937 0.244444
0 0.360417 0.569907 0.057292 0.267593
0 0.444010 0.561574 0.064062 0.243519
0 0.535156 0.575926 0.059896 0.268519
0 0.616406 0.550000 0.061979 0.235185
0 0.704948 0.547222 0.060937 0.225926
0 0.789062 0.559722 0.059375 0.247222
0 0.876823 0.562500 0.074479 0.245370
0 0.959896 0.568981 0.062500 0.262037
0 0.027083 0.854167 0.053125 0.275000
0 0.104688 0.867130 0.073958 0.249074
0 0.186719 0.854630 0.066146 0.242593
0 0.272917 0.880093 0.062500 0.239815
0 0.358594 0.860185 0.060937 0.231481
0 0.440885 0.843981 0.064062 0.256481
0 0.525260 0.840278 0.061979 0.252778
0 0.611458 0.854630 0.056250 0.250000
0 0.695052 0.878704 0.060937 0.211111
0 0.782552 0.867130 0.061979 0.252778
0 0.869271 0.850463 0.066667 0.247222
0 0.952344 0.841204 0.069271 0.254630
