0 0.024479 0.260185 0.047917 0.212963
0 0.098958 0.255556 0.070833 0.218519
0 0.185156 0.258333 0.060937 0.235185
0 0.268229 0.257407 0.057292 0.229630
0 0.352865 0.267130 0.061979 0.260185
0 0.436719 0.269444 0.065104 0.237037
0 0.524219 0.264352 0.070312 0.226852
0 0.610156 0.255556 0.064062 0.218519
0 0.696094 0.252778 0.067187 0.203704
0 0.781510 0.267130 0.070312 0.237963
0 0.870313 0.263426 0.070833 0.241667
0 0.953385 0.270370 0.063021 0.238889
0 0.024479 0.559259 0.047917 0.266667
0 0.101042 0.562963 0.059375 0.231481
0 0.184635 0.562963 0.070312 0.235185
0 0.276302 0.577778 0.071354 0.225926
0 0.352865 0.584722 0.066146 0.200926
0 0.434115 0.556481 0.055729 0.248148
0 0.524219 0.541204 0.059896 0.237963
0 0.600260 0.560648 0.066146 0.256481
0 0.688542 0.573611 0.056250 0.210185
0 0.773177 0.558796 0.058854 0.249074
0 0.858333 0.543981 0.059375 0.236111
0 0.942969 0.546296 0.064062 0.235185
0 0.023958 0.900463 0.046875 0.199074
0 0.097917 0.898148 0.066667 0.203704
0 0.175260 0.899537 0.060937 0.200926
0 0.264844 0.904167 0.064062 0.191667
0 0.343229 0.900463 0.060417 0.199074
0 0.428906 0.901389 0.066146 0.197222
0 0.510677 0.901389 0.060937 0.197222
0 0.594531 0.894444 0.068229 0.211111
0 0.678906 0.896296 0.065104 0.207407
0 0.767969 0.901389 0.060937 0.197222
0 0.855990 0.899537 0.070312 0.200926
0 0.932031 0.898148 0.066146 0.203704
