0 0.024479 0.459722 0.047917 0.219444
0 0.103125 0.462963 0.070833 0.227778
0 0.188281 0.467130 0.058854 0.250926
0 0.270833 0.460185 0.060417 0.244444
0 0.355990 0.466667 0.066146 0.274074
0 0.440885 0.477315 0.064062 0.263889
0 0.522656 0.467593 0.071354 0.275926
0 0.614323 0.462037 0.059896 0.240741
0 0.701562 0.459259 0.060417 0.242593
0 0.782552 0.462037 0.068229 0.240741
0 0.872135 0.469907 0.063021 0.249074
0 0.957031 0.468056 0.066146 0.263889
0 0.024479 0.764815 0.047917 0.264815
0 0.100260 0.771759 0.065104 0.247222
0 0.186198 0.765741 0.069271 0.242593
0 0.271354 0.782407 0.059375 0.233333
0 0.354948 0.771759 0.061979 0.243519
0 0.439583 0.761111 0.072917 0.264815
0 0.523177 0.757870 0.059896 0.262037
0 0.606250 0.762037 0.071875 0.262963
0 0.694531 0.783333 0.059896 0.231481
0 0.777604 0.769907 0.067708 0.250926
0 0.861719 0.759722 0.068229 0.250926
0 0.945573 0.749537 0.067187 0.260185
