0 0.023958 0.291667 0.046875 0.288889
0 0.099740 0.293981 0.064062 0.260185
0 0.183594 0.297222 0.061979 0.262963
0 0.270833 0.313426 0.056250 0.221296
0 0.347917 0.315278 0.062500 0.213889
0 0.437500 0.325926 0.057292 0.220370
0 0.519792 0.318056 0.055208 0.215741
0 0.605729 0.307870 0.055208 0.217593
0 0.691927 0.306481 0.056771 0.238889
0 0.783073 0.299074 0.058854 0.227778
0 0.864844 0.306944 0.061979 0.243519
0 0.951823 0.300000 0.057813 0.240741
0 0.025521 0.670370 0.050000 0.214815
0 0.108073 0.671296 0.063021 0.238889
0 0.191146 0.688889 0.057292 0.242593
0 0.277865 0.671296 0.055729 0.235185
0 0.358594 0.678241 0.060937 0.263889
0 0.442969 0.689815 0.059896 0.237037
0 0.536719 0.681019 0.054688 0.239815
0 0.618229 0.671296 0.054167 0.238889
0 0.704688 0.663889 0.054167 0.227778
0 0.791667 0.671296 0.056250 0.235185
0 0.873698 0.675000 0.057813 0.238889
0 0.963021 0.684722 0.056250 0.258333
