0 0.030469 0.371296 0.059896 0.248148
0 0.109635 0.377315 0.072396 0.252778
0 0.193750 0.352315 0.069792 0.256481
0 0.275260 0.360648 0.069271 0.258333
0 0.360938 0.381944 0.071875 0.300926
0 0.450000 0.371296 0.071875 0.275926
0 0.532292 0.375463 0.076042 0.263889
0 0.615885 0.370370 0.063021 0.270370
0 0.698438 0.372222 0.078125 0.288889
0 0.790104 0.372222 0.081250 0.281481
0 0.874740 0.370370 0.070312 0.262963
0 0.959115 0.363426 0.066146 0.249074
0 0.032031 0.664352 0.063021 0.315741
0 0.105990 0.664815 0.084896 0.314815
0 0.191667 0.654167 0.071875 0.297222
0 0.277865 0.668519 0.066146 0.261111
0 0.359375 0.675000 0.077083 0.242593
0 0.443750 0.690278 0.077083 0.250926
0 0.531771 0.679167 0.075000 0.223148
0 0.613802 0.667593 0.069271 0.242593
0 0.696875 0.673611 0.075000 0.250926
0 0.786198 0.670370 0.073438 0.251852
0 0.871875 0.671296 0.071875 0.262963
0 0.954948 0.663426 0.068229 0.262037
