0 0.022917 0.337500 0.044792 0.282407
0 0.095573 0.341667 0.061979 0.270370
0 0.186719 0.342593 0.066146 0.264815
0 0.271875 0.365741 0.052083 0.225926
0 0.352344 0.356944 0.060937 0.226852
0 0.439583 0.366204 0.057292 0.208333
0 0.521875 0.368519 0.055208 0.216667
0 0.607812 0.358796 0.057292 0.215741
0 0.692969 0.352315 0.063021 0.245370
0 0.780729 0.349074 0.058333 0.235185
0 0.863802 0.356019 0.064062 0.245370
0 0.950521 0.347222 0.057292 0.246296
0 0.025521 0.705093 0.045833 0.241667
0 0.108594 0.705093 0.064062 0.225000
0 0.187760 0.725463 0.064062 0.239815
0 0.276823 0.723148 0.061979 0.238889
0 0.363542 0.727315 0.053125 0.254630
0 0.443750 0.724537 0.051042 0.260185
0 0.532292 0.731944 0.058333 0.267593
0 0.615365 0.722222 0.050521 0.225926
0 0.704427 0.712037 0.057813 0.227778
0 0.793229 0.723611 0.059375 0.250926
0 0.876823 0.727315 0.057813 0.215741
0 0.964583 0.717593 0.055208 0.250000
