0 0.025000 0.348148 0.048958 0.222222
0 0.101042 0.343519 0.068750 0.216667
0 0.188542 0.350926 0.050000 0.238889
0 0.272396 0.351852 0.057292 0.237037
0 0.358594 0.366204 0.060937 0.254630
0 0.442708 0.365741 0.057292 0.240741
0 0.525781 0.361574 0.056771 0.249074
0 0.612500 0.354167 0.056250 0.249074
0 0.697917 0.345370 0.055208 0.238889
0 0.785156 0.352315 0.058854 0.256481
0 0.865885 0.345370 0.066146 0.246296
0 0.957031 0.356944 0.061979 0.265741
0 0.022396 0.655093 0.043750 0.271296
0 0.101562 0.662500 0.060417 0.241667
0 0.189062 0.660648 0.057292 0.245370
0 0.272396 0.666667 0.055208 0.229630
0 0.354427 0.655093 0.056771 0.241667
0 0.441406 0.640278 0.063021 0.247222
0 0.524740 0.641204 0.056771 0.256481
0 0.603385 0.651389 0.059896 0.260185
0 0.687500 0.664815 0.058333 0.229630
0 0.778646 0.652315 0.062500 0.254630
0 0.859115 0.631944 0.063021 0.241667
0 0.951562 0.637500 0.055208 0.263889
