0 0.022396 0.240741 0.043750 0.185185
0 0.092969 0.238889 0.067187 0.188889
0 0.184635 0.243981 0.068229 0.206481
0 0.266927 0.241204 0.061979 0.193519
0 0.349740 0.242130 0.066146 0.187963
0 0.433594 0.243056 0.063021 0.189815
0 0.519531 0.242130 0.063021 0.191667
0 0.604427 0.238889 0.061979 0.181481
0 0.690885 0.240278 0.063021 0.191667
0 0.779167 0.239352 0.059375 0.176852
0 0.860677 0.242130 0.068229 0.191667
0 0.950781 0.237037 0.059896 0.177778
0 0.023958 0.570833 0.046875 0.228704
0 0.102604 0.574074 0.060417 0.222222
0 0.192708 0.582407 0.058333 0.242593
0 0.275781 0.576852 0.061979 0.235185
0 0.360417 0.589352 0.057292 0.249074
0 0.444010 0.587500 0.061979 0.252778
0 0.531771 0.588426 0.055208 0.254630
0 0.616406 0.580556 0.048438 0.235185
0 0.703646 0.575000 0.054167 0.235185
0 0.790104 0.588426 0.057292 0.239815
0 0.878906 0.590741 0.064062 0.231481
0 0.961719 0.593981 0.066146 0.262037
0 0.026302 0.873148 0.049479 0.253704
0 0.106250 0.881944 0.061458 0.236111
0 0.188802 0.880093 0.064062 0.239815
0 0.275781 0.889815 0.068229 0.220370
0 0.358073 0.881944 0.064062 0.236111
0 0.440625 0.875000 0.068750 0.250000
0 0.526823 0.872222 0.060937 0.255556
0 0.610156 0.874074 0.073438 0.251852
0 0.690625 0.893519 0.064583 0.212963
0 0.782292 0.879167 0.069792 0.241667
0 0.868750 0.874074 0.060417 0.251852
0 0.952083 0.862500 0.076042 0.258333
