0 0.033594 0.272685 0.066146 0.232407
0 0.108073 0.275926 0.065104 0.244444
0 0.194271 0.255556 0.070833 0.233333
0 0.278906 0.262963 0.070312 0.233333
0 0.357292 0.279630 0.075000 0.281481
0 0.444531 0.270833 0.065104 0.249074
0 0.528906 0.268981 0.067187 0.252778
0 0.616927 0.256481 0.065104 0.224074
0 0.700000 0.276852 0.070833 0.264815
0 0.786198 0.272685 0.069271 0.249074
0 0.869271 0.267593 0.068750 0.233333
0 0.954427 0.256944 0.065104 0.208333
0 0.030469 0.557870 0.059896 0.280556
0 0.104948 0.554630 0.060937 0.251852
0 0.193229 0.556481 0.057292 0.264815
0 0.277344 0.567130 0.054688 0.247222
0 0.360417 0.571296 0.061458 0.227778
0 0.444792 0.581944 0.051042 0.213889
0 0.527604 0.575463 0.055208 0.210185
0 0.613021 0.559259 0.055208 0.224074
0 0.696615 0.561111 0.061979 0.235185
0 0.787240 0.559259 0.058854 0.224074
0 0.871875 0.562500 0.058333 0.252778
0 0.954948 0.555556 0.061979 0.250000
0 0.034896 0.903704 0.068750 0.190741
0 0.113542 0.904167 0.062500 0.191667
0 0.197917 0.902315 0.060417 0.195370
0 0.282813 0.901389 0.058333 0.197222
0 0.366927 0.899537 0.061979 0.200926
0 0.454167 0.897222 0.064583 0.205556
0 0.536979 0.902315 0.063542 0.195370
0 0.624219 0.904167 0.061979 0.191667
0 0.713281 0.900463 0.057813 0.199074
0 0.797917 0.900463 0.064583 0.199074
0 0.882812 0.904167 0.071875 0.191667
0 0.967448 0.902315 0.060937 0.195370
