0 0.020573 0.493981 0.040104 0.265741
0 0.098177 0.499537 0.060937 0.247222
0 0.184635 0.493519 0.066146 0.235185
0 0.267708 0.503704 0.056250 0.224074
0 0.348438 0.493056 0.061458 0.245370
0 0.435156 0.484259 0.064062 0.242593
0 0.520833 0.481019 0.057292 0.260185
0 0.601823 0.487037 0.073438 0.237037
0 0.682031 0.510648 0.067187 0.210185
0 0.773177 0.491204 0.060937 0.245370
0 0.856771 0.483333 0.058333 0.244444
0 0.941927 0.472685 0.074479 0.250926
0 0.090104 0.850000 0.053125 0.222222
0 0.019531 0.868519 0.038021 0.225926
0 0.175260 0.860648 0.060937 0.250926
0 0.266927 0.837963 0.066146 0.225926
0 0.344531 0.863426 0.060937 0.252778
0 0.426823 0.873148 0.067187 0.253704
0 0.512240 0.857407 0.064062 0.261111
0 0.597917 0.829167 0.059375 0.208333
0 0.679948 0.850000 0.054688 0.233333
0 0.761719 0.845833 0.061979 0.217593
0 0.850260 0.868981 0.063021 0.252778
0 0.932813 0.869444 0.065625 0.261111
