0 0.020573 0.209722 0.040104 0.128704
0 0.095052 0.211111 0.067187 0.125926
0 0.181771 0.212963 0.058333 0.148148
0 0.268229 0.211111 0.057292 0.137037
0 0.350781 0.221759 0.066146 0.162037
0 0.438542 0.231481 0.068750 0.153704
0 0.520833 0.222685 0.072917 0.156481
0 0.603385 0.211111 0.066146 0.129630
0 0.690885 0.209259 0.067187 0.129630
0 0.772656 0.219907 0.066146 0.150926
0 0.866406 0.216204 0.065104 0.154630
0 0.943490 0.224537 0.071354 0.152778
0 0.021875 0.469907 0.042708 0.263889
0 0.096094 0.479167 0.060937 0.256481
0 0.178646 0.468519 0.054167 0.238889
0 0.267708 0.481944 0.050000 0.208333
0 0.343750 0.466667 0.054167 0.224074
0 0.433073 0.465278 0.066146 0.254630
0 0.516146 0.458796 0.060417 0.254630
0 0.600781 0.471759 0.067187 0.241667
0 0.686979 0.486574 0.061458 0.208333
0 0.769531 0.471759 0.072396 0.260185
0 0.857292 0.459259 0.057292 0.235185
0 0.939844 0.454167 0.066146 0.245370
0 0.018490 0.846296 0.035937 0.233333
0 0.091406 0.838889 0.059896 0.231481
0 0.174219 0.843981 0.065104 0.241667
0 0.263802 0.831481 0.064062 0.231481
0 0.344531 0.841204 0.058854 0.250926
0 0.426563 0.855556 0.057292 0.257407
0 0.512240 0.840278 0.064062 0.260185
0 0.601823 0.824537 0.056771 0.217593
0 0.675521 0.825926 0.060417 0.238889
0 0.763542 0.832407 0.056250 0.222222
0 0.848698 0.833333 0.068229 0.277778
0 0.934375 0.852315 0.055208 0.258333
