0 0.022917 0.267130 0.044792 0.234259
0 0.096615 0.266204 0.066146 0.223148
0 0.181250 0.264352 0.059375 0.239815
0 0.269271 0.268056 0.059375 0.223148
0 0.347135 0.266667 0.064062 0.231481
0 0.430469 0.273148 0.060937 0.222222
0 0.521354 0.272685 0.056250 0.213889
0 0.605729 0.264352 0.055208 0.215741
0 0.689063 0.262037 0.070833 0.231481
0 0.780469 0.261111 0.064062 0.229630
0 0.864844 0.262963 0.059896 0.229630
0 0.948438 0.260185 0.059375 0.227778
0 0.026042 0.623148 0.051042 0.220370
0 0.105469 0.620370 0.066146 0.222222
0 0.190104 0.623148 0.053125 0.242593
0 0.276302 0.624074 0.058854 0.229630
0 0.360417 0.630093 0.061458 0.252778
0 0.446094 0.635648 0.064062 0.256481
0 0.529687 0.633796 0.059375 0.267593
0 0.619792 0.623148 0.053125 0.227778
0 0.704427 0.613889 0.057813 0.231481
0 0.792188 0.635648 0.061458 0.245370
0 0.877344 0.630093 0.063021 0.245370
0 0.962760 0.628241 0.061979 0.260185
0 0.027604 0.893056 0.054167 0.212037
0 0.108854 0.903241 0.070833 0.193519
0 0.188802 0.906019 0.059896 0.187963
0 0.272917 0.915741 0.056250 0.168519
0 0.358073 0.904167 0.061979 0.191667
0 0.442969 0.896296 0.066146 0.207407
0 0.527604 0.892593 0.057292 0.214815
0 0.608854 0.896296 0.061458 0.207407
0 0.692708 0.913889 0.060417 0.172222
0 0.782813 0.896296 0.064583 0.207407
0 0.868750 0.900463 0.062500 0.199074
0 0.954167 0.892593 0.064583 0.214815
