0 0.447135 0.374537 0.072396 0.262037
0 0.534375 0.372222 0.080208 0.238889
0 0.618229 0.366667 0.076042 0.242593
0 0.700521 0.373611 0.076042 0.299074
0 0.789062 0.378241 0.070833 0.289815
0 0.871354 0.367593 0.070833 0.275926
0 0.958333 0.362500 0.075000 0.258333
0 0.188802 0.365741 0.070312 0.244444
0 0.276823 0.368056 0.074479 0.254630
0 0.362500 0.389352 0.072917 0.300926
0 0.109896 0.380093 0.081250 0.265741
0 0.104688 0.662500 0.080208 0.306481
0 0.193750 0.658796 0.076042 0.313889
0 0.278385 0.674074 0.067187 0.268519
0 0.360417 0.679167 0.075000 0.250926
0 0.443229 0.706944 0.078125 0.267593
0 0.527865 0.689815 0.063021 0.229630
0 0.611458 0.685648 0.073958 0.310185
0 0.698958 0.675463 0.075000 0.254630
0 0.790365 0.674537 0.065104 0.252778
0 0.874219 0.673148 0.069271 0.277778
0 0.960417 0.669444 0.066667 0.277778
0 0.032552 0.375000 0.064062 0.233333
0 0.028906 0.662500 0.056771 0.299074
