0 0.028906 0.286574 0.056771 0.245370
0 0.107031 0.289352 0.060937 0.258333
0 0.192708 0.270370 0.060417 0.231481
0 0.277344 0.274074 0.054688 0.238889
0 0.361458 0.302778 0.072917 0.285185
0 0.446094 0.283796 0.074479 0.265741
0 0.530729 0.278704 0.070833 0.244444
0 0.615365 0.269907 0.061979 0.254630
0 0.696875 0.290741 0.079167 0.279630
0 0.786198 0.273148 0.065104 0.237037
0 0.870573 0.266204 0.066146 0.223148
0 0.958073 0.263426 0.068229 0.221296
0 0.028385 0.562500 0.055729 0.287963
0 0.103646 0.566204 0.071875 0.267593
0 0.190625 0.565278 0.069792 0.273148
0 0.276823 0.585648 0.061979 0.249074
0 0.358333 0.587500 0.072917 0.249074
0 0.441927 0.596759 0.064062 0.210185
0 0.529167 0.592130 0.060417 0.215741
0 0.613802 0.575926 0.065104 0.229630
0 0.700000 0.584259 0.066667 0.231481
0 0.787240 0.580556 0.060937 0.231481
0 0.868750 0.581944 0.060417 0.252778
0 0.955990 0.572685 0.061979 0.247222
0 0.032552 0.911574 0.064062 0.167593
0 0.113542 0.909722 0.067708 0.175000
0 0.197917 0.911111 0.058333 0.177778
0 0.282292 0.907870 0.057292 0.184259
0 0.366667 0.909722 0.055208 0.180556
0 0.453906 0.912963 0.059896 0.174074
0 0.544010 0.912963 0.061979 0.174074
0 0.626042 0.909722 0.057292 0.180556
0 0.715885 0.908796 0.060937 0.182407
0 0.798958 0.912963 0.060417 0.174074
0 0.884635 0.912963 0.064062 0.174074
0 0.969531 0.906481 0.060937 0.168519
