0 0.023958 0.502778 0.046875 0.229630
0 0.100521 0.502778 0.062500 0.225926
0 0.187760 0.507407 0.057813 0.242593
0 0.275260 0.502778 0.065104 0.240741
0 0.357552 0.515278 0.065104 0.258333
0 0.444531 0.521759 0.065104 0.256481
0 0.529687 0.514352 0.070833 0.260185
0 0.614844 0.507407 0.058854 0.238889
0 0.702604 0.497685 0.056250 0.239815
0 0.783073 0.506481 0.069271 0.244444
0 0.876302 0.513426 0.065104 0.247222
0 0.962760 0.518056 0.068229 0.256481
0 0.026042 0.807870 0.051042 0.247222
0 0.105469 0.816204 0.068229 0.243519
0 0.190625 0.815278 0.058333 0.249074
0 0.272396 0.826852 0.059375 0.229630
0 0.359635 0.812963 0.063021 0.244444
0 0.443490 0.806019 0.065104 0.258333
0 0.524740 0.802315 0.058854 0.258333
0 0.608854 0.808333 0.063542 0.259259
0 0.696094 0.825000 0.063021 0.233333
0 0.779948 0.817130 0.065104 0.249074
0 0.863281 0.800463 0.063021 0.254630
0 0.950260 0.788426 0.065104 0.256481
