0 0.027083 0.736574 0.053125 0.263889
0 0.103906 0.753241 0.067187 0.263889
0 0.191146 0.745833 0.061458 0.249074
0 0.273698 0.758333 0.066146 0.231481
0 0.352865 0.741204 0.061979 0.254630
0 0.442448 0.744444 0.065104 0.281481
0 0.526302 0.729167 0.070312 0.262037
0 0.608854 0.738426 0.063542 0.254630
0 0.691406 0.752315 0.059896 0.247222
0 0.777604 0.749537 0.071875 0.260185
0 0.864323 0.735648 0.063021 0.252778
0 0.953385 0.725463 0.069271 0.258333
0 0.023958 0.436111 0.046875 0.207407
0 0.101562 0.437037 0.062500 0.218519
0 0.189583 0.443981 0.071875 0.254630
0 0.270833 0.437037 0.060417 0.240741
0 0.359635 0.447685 0.067187 0.254630
0 0.442448 0.453241 0.069271 0.262037
0 0.525781 0.444907 0.065104 0.263889
0 0.613802 0.438889 0.060937 0.229630
0 0.701042 0.432407 0.061458 0.231481
0 0.786719 0.437963 0.066146 0.235185
0 0.871094 0.444907 0.067187 0.245370
0 0.960938 0.452315 0.062500 0.267593
