0 0.026042 0.828241 0.051042 0.237963
0 0.110677 0.826852 0.059896 0.233333
0 0.197656 0.835185 0.064062 0.238889
0 0.278906 0.829630 0.059896 0.235185
0 0.366406 0.847685 0.065104 0.252778
0 0.449219 0.845833 0.070312 0.237963
0 0.534635 0.837037 0.065104 0.238889
0 0.621354 0.831481 0.052083 0.224074
0 0.710938 0.829630 0.057292 0.224074
0 0.794271 0.834259 0.057292 0.240741
0 0.882812 0.840741 0.062500 0.231481
0 0.960938 0.838889 0.067708 0.238889
0 0.023438 0.459259 0.045833 0.250000
0 0.097656 0.461111 0.066146 0.242593
0 0.186198 0.461111 0.058854 0.242593
0 0.271875 0.477778 0.050000 0.233333
0 0.351823 0.482407 0.059896 0.238889
0 0.438542 0.490278 0.059375 0.204630
0 0.525260 0.487963 0.059896 0.227778
0 0.607812 0.478241 0.059375 0.200926
0 0.695052 0.477315 0.060937 0.221296
0 0.783854 0.458333 0.052083 0.233333
0 0.872396 0.462963 0.057292 0.250000
0 0.953385 0.462037 0.058854 0.268519
