0 0.021094 0.279167 0.041146 0.228704
0 0.099740 0.270370 0.064062 0.227778
0 0.187240 0.273148 0.058854 0.222222
0 0.270833 0.277778 0.067708 0.238889
0 0.353906 0.288426 0.059896 0.256481
0 0.439583 0.293981 0.061458 0.256481
0 0.522135 0.295833 0.066146 0.252778
0 0.608333 0.277778 0.054167 0.227778
0 0.698438 0.275000 0.056250 0.233333
0 0.779687 0.278704 0.060417 0.240741
0 0.864323 0.285185 0.058854 0.227778
0 0.948698 0.287037 0.064062 0.231481
0 0.022917 0.572222 0.042708 0.287037
0 0.105208 0.574074 0.079167 0.275926
0 0.187240 0.576852 0.063021 0.259259
0 0.277344 0.598148 0.075521 0.224074
0 0.355469 0.579630 0.065104 0.222222
0 0.438021 0.564352 0.080208 0.221296
0 0.515625 0.571296 0.079167 0.274074
0 0.605990 0.571759 0.065104 0.249074
0 0.692969 0.594907 0.056771 0.217593
0 0.777083 0.586574 0.061458 0.254630
0 0.862760 0.571759 0.059896 0.260185
0 0.946875 0.571759 0.058333 0.260185
