0 0.032031 0.310648 0.063021 0.230556
0 0.107552 0.310648 0.059896 0.247222
0 0.192708 0.296296 0.054167 0.233333
0 0.277344 0.297222 0.069271 0.224074
0 0.361458 0.309259 0.075000 0.279630
0 0.448437 0.311574 0.079167 0.241667
0 0.526823 0.306944 0.069271 0.247222
0 0.614844 0.298148 0.060937 0.229630
0 0.697396 0.305556 0.076042 0.272222
0 0.792188 0.300926 0.061458 0.235185
0 0.876823 0.288426 0.061979 0.225000
0 0.957552 0.282870 0.065104 0.217593
0 0.030469 0.597685 0.059896 0.258333
0 0.106510 0.597685 0.070312 0.258333
0 0.188281 0.596296 0.071354 0.266667
0 0.277344 0.604630 0.063021 0.229630
0 0.358594 0.606481 0.067187 0.233333
0 0.443490 0.618519 0.058854 0.225926
0 0.534375 0.612500 0.052083 0.210185
0 0.616927 0.604630 0.056771 0.222222
0 0.702083 0.608796 0.051042 0.221296
0 0.792188 0.599074 0.059375 0.233333
0 0.876823 0.605556 0.055729 0.238889
0 0.955990 0.603704 0.064062 0.246296
0 0.030469 0.927315 0.057813 0.145370
0 0.110677 0.925463 0.061979 0.149074
0 0.199740 0.923611 0.061979 0.152778
0 0.283073 0.922685 0.058854 0.154630
0 0.366927 0.921296 0.066146 0.157407
0 0.454948 0.918519 0.061979 0.162963
0 0.541406 0.927315 0.072396 0.145370
0 0.626042 0.924537 0.063542 0.150926
0 0.713542 0.921296 0.054167 0.157407
0 0.798958 0.927315 0.062500 0.145370
0 0.888021 0.932870 0.064583 0.134259
0 0.971875 0.923611 0.050000 0.152778
