0 0.026042 0.387963 0.051042 0.250000
0 0.099740 0.383796 0.064062 0.254630
0 0.182292 0.381019 0.053125 0.271296
0 0.271354 0.407407 0.051042 0.227778
0 0.355990 0.405093 0.057813 0.204630
0 0.442188 0.413426 0.054167 0.206481
0 0.520833 0.411111 0.057292 0.196296
0 0.607812 0.407870 0.055208 0.217593
0 0.692448 0.406944 0.059896 0.223148
0 0.782292 0.397685 0.051042 0.208333
0 0.868229 0.397222 0.055208 0.220370
0 0.951042 0.393519 0.052083 0.235185
0 0.025521 0.762500 0.050000 0.219444
0 0.105990 0.765741 0.056771 0.224074
0 0.192708 0.760185 0.054167 0.235185
0 0.279687 0.764815 0.056250 0.225926
0 0.367448 0.769907 0.065104 0.258333
0 0.448177 0.783333 0.061979 0.242593
0 0.531771 0.766667 0.059375 0.244444
0 0.620313 0.768056 0.060417 0.247222
0 0.705469 0.761111 0.059896 0.233333
0 0.793490 0.764815 0.066146 0.225926
0 0.876823 0.769907 0.072396 0.243519
0 0.965365 0.775463 0.069271 0.254630
