0 0.029427 0.363426 0.057813 0.237963
0 0.108073 0.360648 0.067187 0.254630
0 0.190104 0.345370 0.059375 0.235185
0 0.275781 0.353241 0.066146 0.254630
0 0.359896 0.371296 0.076042 0.283333
0 0.447135 0.362037 0.068229 0.283333
0 0.530729 0.361574 0.063542 0.263889
0 0.612240 0.344444 0.059896 0.261111
0 0.693490 0.347685 0.070312 0.300926
0 0.789062 0.352778 0.059375 0.270370
0 0.876823 0.343519 0.066146 0.235185
0 0.957031 0.342593 0.070312 0.240741
0 0.029427 0.648148 0.057813 0.288889
0 0.108073 0.649537 0.084896 0.299074
0 0.191146 0.645370 0.072917 0.287037
0 0.273698 0.657870 0.059896 0.250926
0 0.361458 0.657870 0.068750 0.243519
0 0.444531 0.679167 0.065104 0.243519
0 0.530208 0.669444 0.060417 0.224074
0 0.614844 0.653704 0.065104 0.227778
0 0.700000 0.655556 0.075000 0.227778
0 0.789844 0.656019 0.064062 0.243519
0 0.872135 0.654167 0.065104 0.250926
0 0.959896 0.647222 0.067708 0.261111
