0 0.023438 0.477315 0.045833 0.226852
0 0.102083 0.482407 0.068750 0.238889
0 0.189323 0.479167 0.065104 0.249074
0 0.272396 0.482407 0.057292 0.246296
0 0.357031 0.485185 0.066146 0.261111
0 0.441927 0.495833 0.064062 0.254630
0 0.526823 0.493056 0.060937 0.267593
0 0.612760 0.487963 0.058854 0.246296
0 0.701823 0.481481 0.063021 0.233333
0 0.783594 0.482870 0.072396 0.252778
0 0.871094 0.489352 0.065104 0.249074
0 0.955990 0.489815 0.064062 0.266667
0 0.025521 0.786111 0.050000 0.272222
0 0.102344 0.793981 0.066146 0.249074
0 0.189844 0.790278 0.064062 0.249074
0 0.270313 0.803241 0.057292 0.217593
0 0.355469 0.789815 0.067187 0.244444
0 0.440104 0.779167 0.069792 0.254630
0 0.523698 0.782870 0.060937 0.254630
0 0.608073 0.783333 0.065104 0.262963
0 0.694010 0.803704 0.060937 0.222222
0 0.782552 0.787037 0.057813 0.262963
0 0.864844 0.777315 0.066146 0.262037
0 0.948698 0.764352 0.064062 0.254630
