0 0.022396 0.317593 0.043750 0.229630
0 0.098698 0.322222 0.064062 0.227778
0 0.185156 0.324074 0.060937 0.235185
0 0.268750 0.326852 0.058333 0.237037
0 0.353906 0.335648 0.066146 0.262037
0 0.437760 0.340278 0.067187 0.249074
0 0.521615 0.339352 0.065104 0.254630
0 0.609896 0.325926 0.068750 0.246296
0 0.699479 0.325926 0.060417 0.235185
0 0.784115 0.323148 0.063021 0.237037
0 0.864323 0.325000 0.058854 0.244444
0 0.951823 0.326389 0.061979 0.250926
0 0.025000 0.636111 0.048958 0.240741
0 0.097135 0.631019 0.063021 0.247222
0 0.187760 0.625000 0.061979 0.246296
0 0.270313 0.639815 0.068750 0.229630
0 0.353906 0.626852 0.068229 0.231481
0 0.435677 0.631944 0.071354 0.256481
0 0.522656 0.626852 0.065104 0.270370
0 0.603906 0.618519 0.069271 0.240741
0 0.690104 0.644444 0.055208 0.220370
0 0.777083 0.631019 0.068750 0.247222
0 0.859115 0.619444 0.060937 0.231481
0 0.945833 0.612500 0.054167 0.241667
