0 0.023958 0.392130 0.046875 0.234259
0 0.103125 0.395370 0.070833 0.238889
0 0.186719 0.398611 0.055729 0.245370
0 0.275260 0.394444 0.060937 0.244444
0 0.356510 0.401389 0.065104 0.265741
0 0.439583 0.410648 0.066667 0.254630
0 0.527604 0.406019 0.057292 0.260185
0 0.608333 0.394444 0.052083 0.237037
0 0.698958 0.385185 0.059375 0.233333
0 0.788802 0.392593 0.061979 0.229630
0 0.871615 0.403241 0.064062 0.236111
0 0.953385 0.399537 0.063021 0.258333
0 0.024479 0.690741 0.047917 0.270370
0 0.101562 0.702315 0.058333 0.250926
0 0.190104 0.698148 0.053125 0.242593
0 0.270313 0.713889 0.057292 0.224074
0 0.353385 0.704167 0.063021 0.239815
0 0.440885 0.694907 0.064062 0.254630
0 0.524740 0.692593 0.063021 0.250000
0 0.602344 0.688426 0.066146 0.258333
0 0.689583 0.711111 0.056250 0.222222
0 0.777083 0.692593 0.061458 0.250000
0 0.860677 0.689352 0.061979 0.260185
0 0.947917 0.675926 0.067708 0.240741
