0 0.023958 0.512963 0.046875 0.266667
0 0.095573 0.522685 0.068229 0.243519
0 0.186198 0.516204 0.065104 0.249074
0 0.269271 0.535648 0.068750 0.213889
0 0.353906 0.525000 0.066146 0.235185
0 0.429427 0.515741 0.065104 0.233333
0 0.515365 0.508333 0.068229 0.257407
0 0.599479 0.518056 0.056250 0.237963
0 0.688802 0.532407 0.063021 0.216667
0 0.773698 0.518981 0.057813 0.243519
0 0.854688 0.510185 0.056250 0.244444
0 0.942969 0.497685 0.064062 0.247222
0 0.027604 0.881019 0.054167 0.228704
0 0.094271 0.886574 0.067708 0.226852
0 0.176823 0.874074 0.066146 0.231481
0 0.261198 0.883796 0.054688 0.232407
0 0.341927 0.881019 0.072396 0.237963
0 0.428646 0.879167 0.061458 0.241667
0 0.514583 0.879167 0.062500 0.241667
0 0.600000 0.867130 0.053125 0.213889
0 0.674740 0.878241 0.063021 0.243519
0 0.769010 0.875926 0.065104 0.242593
0 0.851042 0.881944 0.060417 0.236111
0 0.933333 0.883796 0.053125 0.232407
