0 0.024479 0.415741 0.047917 0.214815
0 0.098698 0.411111 0.061979 0.231481
0 0.190365 0.417593 0.065104 0.237037
0 0.272135 0.416667 0.067187 0.242593
0 0.360417 0.424537 0.075000 0.258333
0 0.441927 0.424074 0.068229 0.274074
0 0.529687 0.431019 0.068750 0.252778
0 0.611979 0.420370 0.057292 0.235185
0 0.700000 0.423148 0.066667 0.229630
0 0.782552 0.420370 0.061979 0.242593
0 0.869271 0.421759 0.066667 0.252778
0 0.954427 0.427315 0.069271 0.252778
0 0.026562 0.721759 0.052083 0.262037
0 0.101562 0.731019 0.060417 0.254630
0 0.191146 0.723611 0.061458 0.258333
0 0.271354 0.738889 0.059375 0.235185
0 0.355990 0.720370 0.061979 0.240741
0 0.438021 0.716667 0.058333 0.264815
0 0.523177 0.714352 0.057813 0.256481
0 0.606250 0.716667 0.073958 0.248148
0 0.691927 0.730093 0.058854 0.221296
0 0.775781 0.722685 0.066146 0.245370
0 0.865625 0.709722 0.073958 0.258333
0 0.946875 0.705093 0.069792 0.256481
