0 0.022917 0.303704 0.044792 0.214815
0 0.100000 0.290278 0.070833 0.199074
0 0.184115 0.307407 0.056771 0.225926
0 0.269271 0.304630 0.057292 0.238889
0 0.354948 0.308796 0.070312 0.239815
0 0.436198 0.323148 0.059896 0.261111
0 0.525781 0.309722 0.063021 0.252778
0 0.606250 0.301852 0.056250 0.240741
0 0.696875 0.301852 0.055208 0.225926
0 0.782031 0.300000 0.065104 0.229630
0 0.868490 0.297685 0.065104 0.256481
0 0.949479 0.311574 0.072917 0.275000
0 0.025521 0.603704 0.050000 0.238889
0 0.100000 0.613426 0.055208 0.243519
0 0.183333 0.605093 0.055208 0.249074
0 0.272396 0.621296 0.059375 0.227778
0 0.352865 0.610648 0.057813 0.225000
0 0.436198 0.600926 0.064062 0.233333
0 0.520833 0.594907 0.057292 0.252778
0 0.602344 0.597685 0.059896 0.258333
0 0.687760 0.620370 0.065104 0.225926
0 0.772135 0.608333 0.058854 0.237037
0 0.858854 0.591667 0.054167 0.229630
0 0.949740 0.584722 0.066146 0.254630
