0 0.023958 0.315278 0.046875 0.263889
0 0.096615 0.316204 0.064062 0.258333
0 0.179688 0.326389 0.069792 0.258333
0 0.268750 0.341667 0.058333 0.224074
0 0.350521 0.340741 0.059375 0.225926
0 0.438542 0.347222 0.057292 0.220370
0 0.522656 0.348148 0.056771 0.222222
0 0.606771 0.324074 0.053125 0.224074
0 0.692448 0.336111 0.055729 0.231481
0 0.782552 0.326852 0.059896 0.225926
0 0.861719 0.328241 0.064062 0.247222
0 0.948438 0.323148 0.059375 0.240741
0 0.024479 0.687500 0.047917 0.226852
0 0.105990 0.690741 0.067187 0.227778
0 0.193229 0.699074 0.059375 0.240741
0 0.276302 0.696296 0.058854 0.246296
0 0.361979 0.702315 0.062500 0.262037
0 0.447135 0.710648 0.061979 0.260185
0 0.532552 0.702315 0.063021 0.258333
0 0.618229 0.703241 0.054167 0.249074
0 0.704948 0.681944 0.058854 0.225000
0 0.789583 0.700463 0.060417 0.250926
0 0.876823 0.698611 0.066146 0.254630
0 0.962760 0.707870 0.068229 0.262037
